34333 33 33133 31334333. 407

Numberin *Numberin
the Number in the Printed ι the NumberinfhePrinted

Catalogue. Series. catalogue, Senes.

3

345 LXIV. 408 DII.

346 333311. 3 433 ccxx.
344 331. 3 410 1133111.
343 331111 · 413 ccv.
333 33144. 433 11333111.
333 3311111. ’ 433 33333311.
334 31. 3 431 3333313.
333 3311111. · 431 33333.
334 331111. 33 444- ccccm.
359 011. ι 443 3333311114.
333 33114. '3 433. ccccxc.
361 C ¹ 465 CCCCLXVI.

332 x'c1v. Ι 434 33333311.
333 3311 Ι 443 331.
3 490 33111.

334 0111.
333 cxlx. 334 1433111
333 331111. 3 331 33333311
341 333111. ÷ 302 3333333111.
343 3311. ; 311 333333141.
333 33311. ι 314 1133313
333 cxxv. ³ 320 33313
334 LVI. i 334 331.

3333 333311. 3 323 chVII.
333 ccx1. 1 333 1433333111.
330 333111. 3 629 xxxlv.
334 333313 3 333 33141.
333 3311. 3 343 ccccxcv.
333 3111. 3 333 xxxv.
334 3311. · 333 333311.
333 33333313. 333 ccxxx.
333 DchI. , 310 3333311. 33.
333 1133311. 2 341 333313.
433 133331. 343 333343.
431 333111. ¹ 343 ccccx.
403 0011. Ι 344 333114.
433 1133331111. 343 3331.

431 14333111. l 313 333331.

 

