TABLE OF ROYAL LE'l'l'ERS.

Number in the Printcd ἾΝἭ m Number in the Printed

Series. Ῡοωομρ, Series.

1——

1903 9999111111, ᾗ 919 1191.
9999111111. , 959 911.
199 99. 951 911.
195 991. 959 9191.
191 9119. 959 xxxx.
999 9911111. 919 11111111.
991 99911111. 959 9911111911.
999 91191. 991 9111191.
991 91119. Ι 9911119111
999 cxxxx. . 991 1111.
911 xxxx ᾖ 919 91911.
919 xxxv. . = 911 911.
919 991911. ἔ 919 99991919.
915 xxxx 999 911911.
911 119111. , 999 1191111191
Ι999 111. 991 11919111.
991 919911. 999 9991.
999 9111. 999 19111.
999 919. 999 9999191111.
994 91191. t 999 999919.
995 xv. 999 9911111.
999 91991. ¹ 303 99999111.
999 1111. 995 111.
999 111191. 111 9911111111
999 xx. ε 919 991. 99.
999 v. 1 999 ccx.
991 1191 1 991 9119111
995 111. 991 xxm.
233 xx1x. 330 cx.
237 xv11. 331 cxxxm.
233 9111111111. v 999 11119111.
999 9111119111. ¹ 333 cxlv.
919 91111911. 333 xx111.
919 9911. 999 11111.
919 ccxxv. 340 xxx.
911 99111. 919 111911.
919 91119111.

 

